[header]
width=50
height=30
tilewidth=16
tileheight=16
orientation=orthogonal
background_color=0,0,0,255

[tilesets]
tileset=arne_sprites.png,16,16,0,0

[layer]
type=Tile Layer 1
data=
0,0,0,0,0,0,0,0,0,0,0,0,0,0,0,0,0,0,0,0,0,0,0,0,0,0,0,0,0,0,0,0,0,0,0,0,0,0,0,0,0,0,0,0,0,0,0,0,0,0,
0,0,0,0,0,0,0,0,0,0,0,0,114,115,0,0,0,0,0,0,0,0,0,0,0,0,0,0,0,0,0,0,0,0,0,0,0,0,0,0,0,0,0,0,0,0,0,0,0,0,
0,0,0,0,0,0,0,0,0,0,0,0,0,0,0,0,0,0,0,0,0,0,0,0,0,0,0,0,0,0,0,0,0,0,0,0,0,0,0,0,0,0,0,0,0,0,0,0,0,0,
0,0,97,98,0,0,0,0,0,0,0,0,0,0,0,0,0,0,0,0,0,0,0,0,0,0,0,0,0,0,0,0,0,0,0,0,0,0,0,0,0,116,0,0,0,0,0,0,0,0,
0,0,0,0,0,0,0,0,114,115,0,0,0,0,0,0,0,0,97,98,0,0,0,0,0,0,0,0,0,0,97,98,0,0,0,0,0,0,0,0,0,0,0,0,0,0,97,98,0,0,
0,0,0,0,0,0,0,0,0,0,0,0,0,0,0,0,0,0,0,0,0,0,0,0,0,0,0,0,0,0,0,0,0,0,0,0,0,0,0,0,0,0,0,0,0,0,0,0,0,0,
0,0,0,0,0,0,0,0,0,0,0,0,0,0,0,0,0,0,0,0,0,0,0,0,0,0,0,0,0,0,0,0,0,0,0,0,0,0,0,0,0,0,0,0,0,0,0,0,0,0,
0,0,0,0,97,98,0,0,0,0,0,0,114,115,0,0,0,0,0,0,0,0,0,0,97,98,0,0,0,0,0,0,0,116,0,0,0,0,0,0,0,97,98,0,0,0,0,0,0,0,
0,0,0,0,0,0,0,0,0,0,0,0,0,0,0,0,0,0,0,116,0,0,0,0,0,0,0,0,0,0,0,0,0,0,0,0,0,0,0,0,0,0,0,0,0,0,0,0,0,0,
0,0,0,0,0,0,0,0,0,0,0,0,0,0,0,0,0,0,0,0,0,0,0,0,0,0,0,0,0,0,0,0,0,0,0,0,0,0,0,0,0,0,0,0,0,0,0,0,0,0,
0,0,0,0,0,0,0,0,0,0,0,0,0,0,0,0,0,0,0,0,0,0,0,0,0,0,0,0,0,0,0,0,0,0,0,0,0,0,0,0,0,0,0,0,0,0,0,0,0,0,
0,0,0,0,0,0,0,0,0,0,0,0,116,0,0,0,0,0,0,0,0,0,0,116,0,0,0,0,0,0,0,0,0,0,0,0,114,115,0,0,0,0,0,0,0,0,0,0,0,0,
0,0,114,115,0,0,0,0,0,0,0,0,0,0,0,4,4,4,4,0,0,0,0,0,0,0,0,0,0,0,0,0,0,0,0,0,0,0,0,0,0,0,0,0,0,0,0,0,0,0,
0,0,0,0,0,0,0,0,0,0,0,0,0,0,0,0,0,0,0,0,0,0,0,0,0,0,0,0,0,0,0,0,4,4,4,0,0,0,0,0,0,0,0,0,0,0,0,0,0,0,
0,0,0,0,0,0,0,0,0,0,0,0,0,0,0,0,0,0,0,0,0,0,0,0,0,0,0,0,0,0,0,0,0,0,0,0,0,0,0,0,0,0,0,0,0,0,0,0,0,0,
0,0,0,0,0,0,0,0,4,4,4,4,4,4,0,0,0,0,0,0,0,0,0,4,4,4,4,4,0,0,0,0,0,0,0,0,0,0,0,0,0,4,4,4,4,0,0,0,0,0,
0,4,4,0,0,0,0,0,0,0,0,0,0,0,0,0,0,0,0,0,0,0,0,0,0,0,0,0,0,0,0,0,0,0,0,0,0,0,0,0,0,0,0,0,0,0,0,0,0,0,
0,0,0,0,0,0,0,0,0,0,0,0,0,0,0,0,0,0,0,0,0,0,0,0,0,0,0,0,0,0,0,0,0,0,0,0,0,0,0,0,0,0,0,0,0,0,0,0,0,0,
0,0,0,0,0,0,0,0,0,0,0,0,0,0,0,0,0,0,0,0,0,0,0,0,0,0,0,0,0,0,0,0,0,0,0,0,0,0,0,0,0,0,0,0,0,0,0,0,0,0,
0,0,0,0,0,4,4,4,4,4,0,0,0,0,0,0,4,4,4,4,4,0,0,0,0,0,0,4,4,4,4,4,0,0,0,0,4,4,4,4,4,0,0,0,0,0,4,4,4,0,
0,0,0,0,0,0,0,0,0,0,0,0,0,0,0,0,0,0,0,0,0,0,0,0,0,0,0,0,0,0,0,0,0,0,0,0,0,0,0,0,0,0,0,0,0,0,0,0,0,0,
0,0,0,0,0,0,0,0,0,0,0,0,0,0,0,0,0,0,0,0,0,0,0,0,0,0,0,0,0,0,0,0,0,0,0,0,0,0,0,0,0,0,0,0,0,0,0,0,0,0,
0,0,0,0,0,0,0,0,0,0,0,0,0,0,0,0,0,0,0,0,0,0,0,0,0,0,0,0,0,0,0,0,0,0,0,0,0,0,0,0,0,0,0,0,0,0,0,0,0,0,
1,2,17,18,19,20,17,18,19,20,17,18,19,20,17,18,19,20,17,18,19,20,17,18,19,20,17,18,19,20,17,18,19,20,17,18,19,20,17,18,19,20,17,18,19,20,17,18,19,3,
33,34,35,36,35,36,33,34,35,36,33,34,35,36,33,34,35,36,33,34,35,36,33,34,35,36,33,34,35,36,-1610612703,34,35,36,33,34,35,36,33,34,35,33,34,35,36,33,33,34,35,36,
36,35,36,36,33,34,35,36,35,36,34,33,34,35,36,35,36,33,34,35,36,33,34,35,33,34,35,36,36,33,34,35,36,33,34,33,34,35,33,34,33,33,34,35,36,33,34,33,34,35,
34,35,36,35,33,34,33,34,35,36,35,36,36,33,33,34,35,36,33,33,34,35,36,34,35,36,33,34,35,36,34,33,34,35,36,33,34,35,36,36,33,34,35,36,33,34,33,34,33,34,
33,34,33,34,35,36,33,34,35,33,34,33,34,35,36,35,36,33,33,34,35,33,34,35,36,36,36,34,33,34,35,36,36,33,34,35,33,34,35,36,33,34,33,34,35,36,35,36,35,36,
34,35,36,35,33,34,35,36,35,36,34,33,34,33,34,35,36,34,33,34,33,34,35,33,34,35,33,34,35,36,34,35,33,34,35,36,35,36,33,34,33,33,33,34,35,36,36,33,34,35,
33,34,33,34,35,36,33,34,35,36,34,35,33,34,35,36,33,34,33,34,35,36,33,34,35,36,34,35,33,34,35,36,33,34,35,33,34,35,36,33,33,34,35,33,34,35,36,34,33,34

[Object Layer 1]
# Entity
type=Player
location=1,22,1,1

[Object Layer 1]
# Entity
type=Coin
location=9,23,1,1

[Object Layer 1]
# Entity
type=Coin
location=19,23,1,1

[Object Layer 1]
# Entity
type=Coin
location=32,23,1,1

[Object Layer 1]
# Entity
type=Coin
location=18,19,1,1

[Object Layer 1]
# Entity
type=Coin
location=11,15,1,1

[Object Layer 1]
# Entity
type=Coin
location=25,15,1,1

[Object Layer 1]
# Entity
type=Coin
location=37,19,1,1

[Object Layer 1]
# Entity
type=Coin
location=42,15,1,1

