[header]
width=46
height=46
tilewidth=16
tileheight=16
orientation=orthogonal
background_color=0,0,0,255

[tilesets]
tileset=../Dungeon.png,16,16,0,0

[layer]
type=Tile Layer 1
data=
0,0,0,0,0,0,0,0,0,0,0,0,0,0,0,0,0,0,0,0,0,0,0,0,0,0,0,0,0,0,0,0,0,0,0,0,0,0,0,0,0,0,0,0,0,0,
0,0,0,0,0,0,0,0,0,0,0,0,0,0,0,0,0,0,0,0,0,0,0,0,0,0,0,0,0,0,0,0,0,0,0,0,0,0,0,0,0,0,0,0,0,0,
0,0,0,0,0,0,0,0,0,0,0,0,0,0,0,0,0,0,0,0,0,0,0,0,0,0,0,0,0,0,0,0,0,0,0,0,0,0,0,0,0,0,0,0,0,0,
0,0,0,0,0,0,0,0,0,0,0,0,0,0,0,0,0,0,0,0,0,0,0,0,0,0,0,0,0,0,0,0,0,0,0,0,0,0,0,0,0,0,0,0,0,0,
0,0,0,0,0,0,0,0,0,0,0,0,0,0,0,0,0,0,0,0,0,0,0,0,0,0,0,0,0,0,0,0,0,0,0,0,0,0,0,0,0,0,0,0,0,0,
0,0,0,0,0,0,0,0,0,0,0,0,0,0,0,0,0,0,0,0,0,0,0,0,0,0,0,0,0,0,0,0,0,0,0,0,0,0,0,0,0,0,0,0,0,0,
0,0,0,0,0,0,0,0,0,0,0,0,0,0,0,0,0,0,0,0,0,0,0,0,0,0,0,0,0,0,0,0,0,0,0,0,0,0,0,0,0,0,0,0,0,0,
0,0,0,0,0,0,0,0,0,0,0,0,0,0,0,0,0,0,0,0,0,0,0,0,0,0,0,0,0,0,0,0,0,0,0,0,0,0,0,0,0,0,0,0,0,0,
0,0,0,55,49,49,49,49,49,49,49,49,55,0,0,0,0,0,0,0,0,0,0,0,0,0,0,0,0,0,0,0,0,55,49,49,49,49,49,49,49,49,55,0,0,0,
0,0,0,71,103,53,17,91,92,17,53,19,71,0,0,0,0,0,0,0,0,0,0,0,0,0,0,0,0,0,0,0,0,71,53,5,17,91,92,17,103,53,71,0,0,0,
0,0,0,87,119,35,33,107,108,33,33,34,87,0,0,0,0,0,0,0,0,0,0,0,0,0,0,0,0,0,0,0,0,87,35,34,35,107,108,35,119,34,87,0,0,0,
0,0,0,51,51,51,51,51,51,51,51,51,51,0,0,0,0,0,0,0,0,0,0,0,0,0,0,0,0,0,0,0,0,51,51,51,51,51,51,51,51,51,51,0,0,0,
0,0,0,51,51,51,51,51,51,51,51,51,51,0,0,0,0,0,0,0,0,0,0,0,0,0,0,0,0,0,0,0,0,51,51,51,51,51,51,51,51,51,51,0,0,0,
0,0,0,51,51,51,97,98,99,100,51,51,51,0,0,0,0,0,0,0,0,0,0,0,0,0,0,0,0,0,0,0,0,51,51,51,51,51,51,51,51,51,51,0,0,0,
0,0,0,51,51,51,113,114,115,116,51,51,51,0,0,0,0,0,0,0,0,0,0,0,0,0,0,0,0,0,0,0,0,51,51,51,51,51,51,51,51,51,51,0,0,0,
0,0,0,51,51,51,129,130,131,132,51,51,51,0,0,0,0,0,0,0,0,0,0,0,0,0,0,0,0,0,0,0,0,51,51,51,51,51,51,51,51,51,51,0,0,0,
0,0,0,51,51,51,51,51,51,51,51,51,51,0,0,0,0,0,0,0,0,0,0,0,0,0,0,0,0,0,0,0,0,51,51,51,51,51,51,51,51,51,51,0,0,0,
0,0,0,51,51,51,51,51,51,51,51,51,51,0,0,0,0,0,55,49,49,49,49,49,49,49,49,49,49,55,0,0,0,51,51,51,51,51,51,51,51,51,51,0,0,0,
0,0,0,51,51,51,51,51,51,51,51,51,51,0,0,0,0,0,71,18,53,17,53,93,94,53,19,103,103,71,0,0,0,24,24,24,25,6,7,6,7,24,25,0,0,0,
0,0,0,51,51,51,51,51,51,51,51,51,51,0,0,0,0,0,87,34,35,33,34,109,110,33,34,119,119,87,55,49,49,49,49,49,55,22,23,22,23,0,0,0,0,0,
0,0,0,51,51,51,51,51,51,51,51,51,51,0,0,0,0,0,51,51,51,51,51,51,51,51,51,51,51,51,71,18,19,17,17,18,71,38,39,38,39,0,0,0,0,0,
0,0,0,51,51,51,51,51,51,51,51,51,51,0,0,0,0,0,51,51,51,51,51,51,51,51,51,51,51,51,87,129,130,131,132,51,87,51,51,51,51,0,0,0,0,0,
0,0,0,99,99,100,51,51,51,51,51,51,51,0,0,0,0,0,51,51,51,51,51,51,51,51,51,51,51,51,51,51,51,51,51,51,51,51,51,51,97,0,0,0,0,0,
0,0,0,24,24,25,51,51,51,51,24,24,25,0,0,0,0,0,51,51,51,51,51,51,51,113,98,99,100,51,51,51,51,51,51,51,51,51,51,51,113,0,0,0,0,0,
0,0,0,0,0,0,51,51,51,97,0,0,0,0,0,0,0,0,51,51,51,51,51,51,97,99,114,115,116,51,51,51,97,98,99,100,51,51,51,51,51,0,0,0,0,0,
0,0,0,0,0,0,51,51,51,113,55,49,49,49,49,49,49,55,51,51,51,51,51,113,98,115,115,116,51,51,24,25,24,25,24,24,25,6,7,6,7,0,0,0,0,0,
0,0,0,0,0,0,51,51,51,51,71,103,19,17,18,17,21,71,51,51,51,51,113,98,99,115,116,51,51,51,0,0,55,49,49,49,55,22,23,22,23,55,49,55,0,0,
0,0,0,0,0,0,51,51,51,51,87,119,51,51,51,51,51,87,51,51,51,97,99,114,115,116,51,51,51,51,0,0,71,103,103,4,71,38,39,38,39,71,67,71,0,0,
0,0,0,0,0,0,51,51,51,51,51,51,51,51,51,51,51,51,51,51,113,114,115,115,116,51,51,51,51,51,0,0,87,119,119,34,87,51,51,51,51,87,83,87,0,0,
0,0,0,0,0,0,51,51,51,51,51,51,51,51,51,51,51,51,51,51,129,130,131,132,51,51,51,51,51,51,0,0,51,51,51,51,51,51,51,51,51,51,51,51,0,0,
0,0,0,0,0,0,51,51,51,51,51,51,51,51,51,97,99,100,51,51,51,51,51,51,51,51,51,51,51,51,0,0,51,51,51,51,51,51,51,51,51,51,51,51,0,0,
0,0,0,0,0,0,24,25,24,25,24,25,24,25,24,25,24,25,116,51,51,51,51,51,51,51,51,51,51,51,0,0,51,51,51,51,51,51,51,51,51,51,51,51,0,0,
0,0,0,0,0,0,0,0,0,0,0,0,0,0,0,0,0,0,132,51,51,51,51,51,51,51,51,51,51,51,0,0,51,51,51,51,51,51,51,51,51,51,51,51,0,0,
0,0,0,0,0,0,0,0,0,0,0,0,0,0,0,0,0,0,51,51,51,51,51,51,51,51,51,51,51,51,0,0,51,51,51,51,51,51,51,51,51,51,51,51,0,0,
0,0,0,0,0,0,0,0,0,0,0,0,0,0,0,0,0,0,51,51,51,51,51,51,51,51,51,51,51,51,0,0,51,51,51,51,51,51,51,51,51,51,51,51,0,0,
0,0,0,0,0,0,0,0,0,0,0,0,0,0,0,0,0,0,51,51,51,51,51,51,51,51,51,51,51,51,0,0,51,51,51,51,51,51,51,51,51,51,51,51,0,0,
0,0,0,0,0,0,0,0,0,0,0,0,0,0,0,0,0,0,51,51,51,51,51,51,51,51,51,51,51,51,0,0,51,51,51,51,51,51,51,51,51,51,51,51,0,0,
0,0,0,0,0,0,0,0,0,0,0,0,0,0,0,0,0,0,51,51,51,51,51,51,51,51,51,51,51,51,0,0,51,51,51,51,51,51,51,51,51,51,51,51,0,0,
0,0,0,0,0,0,0,0,0,0,0,0,0,0,0,0,0,0,24,25,24,25,24,25,24,25,24,25,24,25,0,0,51,51,51,51,51,51,51,51,51,51,51,51,0,0,
0,0,0,0,0,0,0,0,0,0,0,0,0,0,0,0,0,0,0,0,0,0,0,0,0,0,0,0,0,0,0,0,51,51,51,51,51,51,51,51,51,51,51,51,0,0,
0,0,0,0,0,0,0,0,0,0,0,0,0,0,0,0,0,0,0,0,0,0,0,0,0,0,0,0,0,0,0,0,51,51,51,51,51,51,51,51,51,51,51,51,0,0,
0,0,0,0,0,0,0,0,0,0,0,0,0,0,0,0,0,0,0,0,0,0,0,0,0,0,0,0,0,0,0,0,51,51,51,51,51,51,51,51,51,51,51,51,0,0,
0,0,0,0,0,0,0,0,0,0,0,0,0,0,0,0,0,0,0,0,0,0,0,0,0,0,0,0,0,0,0,0,51,51,51,51,51,51,51,51,51,51,51,51,0,0,
0,0,0,0,0,0,0,0,0,0,0,0,0,0,0,0,0,0,0,0,0,0,0,0,0,0,0,0,0,0,0,0,24,25,24,25,24,25,24,24,25,24,25,24,0,0,
0,0,0,0,0,0,0,0,0,0,0,0,0,0,0,0,0,0,0,0,0,0,0,0,0,0,0,0,0,0,0,0,0,0,0,0,0,0,0,0,0,0,0,0,0,0,
0,0,0,0,0,0,0,0,0,0,0,0,0,0,0,0,0,0,0,0,0,0,0,0,0,0,0,0,0,0,0,0,0,0,0,0,0,0,0,0,0,0,0,0,0,0

[ObjectLayer1]
# Entity
type=Player
location=37,13,1,1

[ObjectLayer1]
# Entity
type=Boss
location=7,14,1,1

[ObjectLayer1]
# Entity
type=Enemy
location=38,35,1,1

[ObjectLayer1]
# Entity
type=EnemyV
location=23,29,1,1

