[header]
width=46
height=46
tilewidth=16
tileheight=16
orientation=orthogonal
background_color=0,0,0,255

[tilesets]
tileset=../Dungeon.png,16,16,0,0

[layer]
type=Tile Layer 1
data=
0,0,0,0,0,0,0,0,0,0,0,0,0,0,0,0,0,0,0,0,0,0,0,0,0,0,0,0,0,0,0,0,0,0,0,0,0,0,0,0,0,0,0,0,0,0,
0,0,0,0,0,0,0,0,0,0,0,0,0,0,0,0,0,0,0,0,0,0,0,0,0,0,0,0,0,0,0,0,0,0,0,0,0,0,0,0,0,0,0,0,0,0,
0,0,0,0,0,0,0,0,0,0,0,0,0,0,0,0,0,0,0,0,0,0,0,0,0,0,0,0,0,0,0,0,0,0,0,0,0,0,0,0,0,0,0,0,0,0,
0,0,0,0,0,0,0,0,0,0,0,0,0,0,0,0,0,0,0,0,0,0,0,0,0,0,0,0,0,0,0,0,0,0,0,0,0,0,0,0,0,0,0,0,0,0,
0,0,0,0,0,0,0,0,0,0,0,0,0,0,0,0,0,0,0,0,0,0,0,0,0,0,0,0,0,0,0,0,0,0,0,0,0,0,0,0,0,0,0,0,0,0,
0,0,0,0,0,0,0,0,0,0,0,0,0,0,0,0,0,0,0,0,0,0,0,0,0,0,0,0,0,0,0,0,0,0,0,0,0,0,0,0,0,0,0,0,0,0,
0,0,0,0,0,0,0,0,0,0,0,0,0,0,0,0,0,0,0,0,0,0,0,0,0,0,0,0,0,0,0,0,0,0,0,0,0,0,0,0,0,0,0,0,0,0,
0,0,0,0,0,0,0,0,0,0,0,0,0,0,0,0,0,0,0,0,0,0,0,0,0,0,0,0,55,49,49,49,49,49,49,49,49,49,49,49,49,49,49,55,0,0,
0,0,0,0,0,0,0,0,0,0,0,0,0,0,0,0,0,0,0,0,0,0,0,0,0,0,0,0,71,18,53,19,95,96,53,17,18,53,103,18,103,103,53,71,0,0,
0,0,55,49,49,49,49,49,49,49,49,49,49,55,0,0,0,0,0,0,0,0,0,0,0,0,0,0,87,34,35,35,111,112,35,33,34,35,119,34,119,119,34,87,0,0,
0,0,71,53,19,103,103,19,53,18,93,94,53,71,0,0,0,0,0,0,0,0,0,0,0,0,0,0,51,51,51,51,51,51,51,51,51,51,51,51,51,51,51,51,0,0,
0,0,87,34,35,119,119,35,33,34,109,110,34,87,0,0,0,0,0,0,0,0,0,0,0,0,0,0,51,51,51,51,51,51,51,51,51,51,51,51,51,51,51,51,0,0,
0,0,51,51,51,51,51,51,51,51,51,51,51,51,0,0,0,0,0,0,0,0,0,0,0,0,0,0,51,51,51,51,51,51,51,51,51,51,51,51,51,51,51,51,0,0,
0,0,51,51,51,51,51,51,51,51,51,51,51,51,55,49,49,49,49,49,49,49,49,49,49,49,49,55,51,51,51,51,51,51,51,51,51,51,51,51,51,51,51,51,0,0,
0,0,51,51,51,51,51,51,51,51,51,51,51,51,71,18,53,18,20,17,53,19,17,18,53,17,21,71,51,51,51,51,51,51,51,51,51,51,51,51,51,51,51,51,0,0,
0,0,51,51,51,51,51,51,51,51,51,51,51,51,87,34,35,34,36,33,34,35,33,34,35,33,34,87,51,51,51,51,51,51,51,51,51,51,51,51,51,51,51,51,0,0,
0,0,51,51,51,51,51,51,51,51,51,51,51,51,51,51,51,51,51,51,51,51,51,51,51,51,51,51,51,51,51,51,51,51,51,51,51,51,51,51,51,51,51,51,0,0,
0,0,51,51,51,51,51,51,51,51,51,51,51,51,51,51,51,51,51,51,51,51,51,51,51,51,51,51,51,51,51,51,51,51,51,51,51,51,51,51,51,51,51,51,0,0,
0,0,51,51,51,51,51,51,51,51,51,51,51,51,97,98,99,100,51,51,51,51,51,51,97,98,99,100,51,51,51,51,51,51,51,51,51,51,51,51,51,51,51,51,0,0,
0,0,51,51,51,51,51,51,51,51,51,51,51,51,24,25,24,25,24,25,24,25,24,25,24,25,24,25,51,97,98,99,100,51,51,51,51,51,51,51,51,51,51,51,0,0,
0,0,51,51,97,98,99,100,51,51,51,51,97,98,0,0,0,0,0,0,0,0,0,0,0,0,0,0,24,25,24,25,25,100,51,51,51,24,25,24,25,24,24,25,0,0,
0,0,24,25,24,24,24,25,100,51,51,51,24,25,0,0,0,0,0,0,0,0,0,0,0,0,0,0,0,0,0,0,0,116,51,51,51,0,0,0,0,0,0,0,0,0,
0,0,0,0,0,0,0,0,116,51,51,51,0,0,0,0,0,0,0,0,0,0,0,0,0,0,0,0,0,0,55,49,55,132,51,51,51,55,49,49,49,49,49,55,0,0,
0,0,0,0,0,0,0,0,132,51,51,97,0,0,0,0,0,0,0,0,0,0,0,0,0,0,0,0,0,0,71,19,71,51,51,51,51,71,93,94,17,103,103,71,0,0,
0,0,0,0,0,0,0,0,51,51,51,113,0,0,0,0,0,0,0,0,0,0,0,0,0,0,0,0,0,0,87,35,87,51,51,51,51,87,109,110,33,119,119,87,0,0,
0,0,55,49,49,49,49,55,51,51,51,129,55,49,55,0,0,0,0,0,0,0,0,0,0,0,0,0,0,0,51,51,51,51,51,51,51,51,51,51,51,51,51,51,0,0,
0,0,71,4,19,95,96,71,51,51,51,51,71,53,71,0,0,0,0,0,0,0,0,0,0,0,0,0,0,0,51,51,51,51,51,51,51,51,51,51,51,51,51,51,0,0,
0,0,87,34,35,111,112,87,51,51,51,51,87,34,87,0,0,0,0,0,0,0,0,0,0,0,0,0,0,0,51,51,51,51,51,51,51,51,51,51,51,51,51,51,0,0,
0,0,51,51,51,51,51,51,51,51,51,51,51,51,51,0,0,0,0,0,0,0,0,0,0,0,0,0,0,0,51,51,51,51,51,51,51,51,51,51,51,51,51,51,0,0,
0,0,51,51,51,51,51,51,51,51,51,51,51,51,51,0,0,0,0,0,0,0,0,0,0,0,0,0,0,0,51,51,51,51,51,51,51,51,51,51,51,51,51,51,0,0,
0,0,51,51,51,51,51,51,51,51,51,51,51,51,51,0,0,0,0,0,0,0,0,0,0,0,0,0,0,0,51,51,51,51,51,51,51,51,51,51,51,51,51,51,0,0,
0,0,51,51,51,51,51,51,51,51,51,51,51,51,51,55,49,49,49,49,49,49,49,49,49,49,49,49,49,55,51,51,51,51,51,51,51,51,51,51,51,51,51,51,0,0,
0,0,51,51,51,51,51,51,51,51,51,51,51,51,51,71,18,103,103,18,19,17,91,92,17,18,19,103,18,71,51,51,51,51,51,51,51,51,51,51,51,51,51,51,0,0,
0,0,51,51,51,51,51,51,51,51,51,51,51,51,51,87,34,119,119,34,35,33,107,108,33,34,35,119,34,87,51,51,51,51,51,51,51,51,51,51,51,51,51,51,0,0,
0,0,51,51,51,51,51,51,51,51,51,51,51,51,51,51,51,51,51,51,51,51,51,51,51,51,51,51,51,51,51,51,51,51,51,51,51,51,51,51,51,51,51,51,0,0,
0,0,51,51,51,51,51,51,51,51,51,51,51,51,51,51,51,51,51,51,51,51,51,51,51,51,51,51,51,51,51,51,51,51,51,51,51,51,51,51,51,51,51,51,0,0,
0,0,51,51,51,51,51,51,51,51,51,51,51,51,51,51,51,51,51,51,51,51,51,51,51,51,97,98,99,100,51,51,51,51,51,51,51,51,51,51,51,51,51,51,0,0,
0,0,51,51,51,51,51,51,51,51,51,51,51,51,51,24,25,24,24,25,24,25,24,25,24,25,24,25,24,25,100,51,51,51,51,51,51,51,51,51,51,51,51,51,0,0,
0,0,51,51,51,51,51,51,51,51,51,51,51,51,51,0,0,0,0,0,0,0,0,0,0,0,0,0,0,0,116,51,51,51,51,51,51,51,51,51,51,51,51,51,0,0,
0,0,51,51,51,51,51,51,51,51,51,51,51,51,51,0,0,0,0,0,0,0,0,0,0,0,0,0,0,0,132,51,51,51,51,97,98,99,100,51,51,51,51,51,0,0,
0,0,51,51,51,51,51,51,51,51,51,51,51,51,51,0,0,0,0,0,0,0,0,0,0,0,0,0,0,0,51,51,51,51,51,113,114,115,116,51,51,51,51,51,0,0,
0,0,51,51,51,51,51,51,51,51,51,51,51,51,51,0,0,0,0,0,0,0,0,0,0,0,0,0,0,0,51,51,51,51,51,129,130,131,132,51,51,51,51,51,0,0,
0,0,51,51,51,51,51,51,51,51,51,51,51,51,51,0,0,0,0,0,0,0,0,0,0,0,0,0,0,0,51,51,51,51,51,51,51,51,51,51,51,51,51,51,0,0,
0,0,24,25,24,25,24,25,24,25,24,24,25,24,25,0,0,0,0,0,0,0,0,0,0,0,0,0,0,0,51,51,51,51,51,51,51,51,51,51,51,51,51,51,0,0,
0,0,0,0,0,0,0,0,0,0,0,0,0,0,0,0,0,0,0,0,0,0,0,0,0,0,0,0,0,0,24,25,24,25,24,25,24,24,25,24,25,24,24,25,0,0,
0,0,0,0,0,0,0,0,0,0,0,0,0,0,0,0,0,0,0,0,0,0,0,0,0,0,0,0,0,0,0,0,0,0,0,0,0,0,0,0,0,0,0,0,0,0

[ObjectLayer1]
# Entity
type=Player
location=5,15,1,1

[ObjectLayer1]
# Entity
type=EnemyV
location=30,14,1,1

[ObjectLayer1]
# Entity
type=Enemy
location=8,30,1,1

[ObjectLayer1]
# Entity
type=Boss
location=36,41,1,1

