[header]
width=46
height=46
tilewidth=16
tileheight=16
orientation=orthogonal
background_color=0,0,0,255

[tilesets]
tileset=Dungeon.png,16,16,0,0

[layer]
type=Tile Layer 1
data=
0,0,0,0,0,0,0,0,0,0,0,0,0,0,0,0,0,0,0,0,0,0,0,0,0,0,0,0,0,0,0,0,0,0,0,0,0,0,0,0,0,0,0,0,0,0,
0,0,0,0,0,0,0,0,0,0,0,0,0,0,0,0,0,0,0,0,0,0,0,0,0,0,0,0,0,0,0,0,0,0,0,0,0,0,0,0,0,0,0,0,0,0,
0,0,0,0,0,0,0,0,0,0,0,0,0,0,0,0,0,0,0,0,0,0,0,0,0,0,0,0,0,0,0,0,0,0,0,0,0,0,0,0,0,0,0,0,0,0,
0,0,0,0,0,0,0,0,0,0,0,0,0,0,0,0,0,0,0,0,0,0,0,0,0,0,0,0,0,0,0,0,0,0,0,0,0,0,0,0,0,0,0,0,0,0,
0,0,0,0,0,0,0,0,0,0,0,0,0,0,0,0,0,0,0,0,0,0,0,0,0,0,0,0,0,0,0,0,0,0,0,0,0,0,0,0,0,0,0,0,0,0,
0,0,0,0,0,0,0,0,0,0,0,0,0,0,0,0,0,0,0,0,0,0,0,0,0,0,0,0,0,0,0,0,0,0,0,0,0,0,0,0,0,0,0,0,0,0,
0,0,0,0,0,0,0,0,0,0,0,0,0,0,0,0,0,0,0,0,0,0,0,0,0,0,0,0,0,0,0,0,0,0,0,0,0,0,0,0,0,0,0,0,0,0,
0,0,0,0,0,0,0,0,0,0,0,0,0,0,0,0,0,0,0,0,0,0,0,0,0,0,0,0,0,0,0,0,0,0,0,0,0,0,0,0,0,0,0,0,0,0,
0,0,0,0,0,0,0,0,0,0,0,0,0,0,0,0,0,0,0,0,0,0,0,0,0,0,0,0,0,0,0,0,0,0,0,0,0,0,0,0,0,0,0,0,0,0,
0,0,0,0,0,0,0,0,0,0,0,0,0,0,0,0,0,0,0,0,0,0,0,0,0,0,0,0,0,0,0,0,0,0,0,0,0,0,0,0,0,0,0,0,0,0,
0,0,0,0,0,0,0,0,0,0,0,0,0,0,0,0,0,0,0,0,0,0,0,0,0,0,0,0,0,0,0,0,0,0,0,0,0,0,0,0,0,0,0,0,0,0,
0,0,0,55,49,49,49,49,49,49,49,49,49,49,55,0,0,0,0,0,0,0,0,0,0,0,0,0,0,0,0,55,49,49,49,49,49,49,49,49,49,49,55,0,0,0,
0,0,0,71,17,17,65,17,17,17,17,17,91,92,71,0,0,0,0,0,0,0,0,0,0,0,0,0,0,0,0,103,91,92,17,18,19,18,19,65,18,17,71,0,0,0,
0,0,0,87,33,34,81,35,35,35,35,35,107,108,87,0,0,0,0,0,0,0,0,0,0,0,0,0,0,0,0,119,107,108,33,34,35,35,35,81,35,35,87,0,0,0,
0,0,0,51,51,51,51,51,51,51,51,51,51,51,51,0,0,0,0,0,0,0,0,0,0,0,0,0,0,0,0,51,51,51,51,51,51,51,51,51,51,51,51,0,0,0,
0,0,0,51,51,51,51,51,51,51,51,51,51,51,51,55,49,49,49,49,49,49,49,49,49,49,49,49,49,49,55,51,51,51,51,51,51,51,51,51,51,51,51,0,0,0,
0,0,0,51,51,51,51,51,51,51,51,51,51,51,51,71,17,17,17,17,17,17,93,94,17,17,17,17,17,17,71,51,51,51,51,51,51,51,51,51,51,51,51,0,0,0,
0,0,0,51,51,51,51,51,51,51,51,51,51,51,51,87,51,51,51,51,51,51,109,110,51,51,51,51,51,51,87,51,51,51,51,51,51,51,51,51,51,51,51,0,0,0,
0,0,0,51,51,51,51,51,51,51,51,51,51,51,51,51,51,51,51,51,51,97,98,99,100,51,51,51,51,51,51,51,51,51,51,51,51,51,51,51,51,51,51,0,0,0,
0,0,0,51,51,51,51,51,51,51,51,51,51,51,51,51,51,51,51,51,51,113,114,115,116,51,51,51,51,51,51,51,51,51,51,51,51,51,51,51,51,51,51,0,0,0,
0,0,0,51,51,51,51,51,51,51,51,51,51,51,51,51,51,51,51,51,51,129,130,131,132,51,51,51,51,51,51,51,51,51,51,51,51,51,51,51,51,51,51,0,0,0,
0,0,0,51,51,51,51,51,51,51,51,51,51,51,51,24,25,24,25,24,25,22,23,22,23,24,25,24,25,24,25,51,51,51,51,51,51,51,51,51,51,51,51,0,0,0,
0,0,0,51,51,51,51,51,51,51,51,51,51,51,51,0,0,0,0,0,0,38,39,38,39,0,0,0,0,0,0,51,51,51,51,51,51,51,51,51,51,51,51,0,0,0,
0,0,0,24,25,24,25,24,25,24,25,24,25,24,25,0,0,0,0,0,0,6,7,6,7,0,0,0,0,0,0,24,25,24,25,24,25,24,25,24,25,24,25,0,0,0,
0,0,0,0,0,0,0,0,0,0,0,0,0,0,0,0,0,0,0,0,0,22,23,22,23,0,0,0,0,0,0,0,0,0,0,0,0,0,0,0,0,0,0,0,0,0,
0,0,0,0,0,0,0,0,0,0,0,0,0,0,0,0,0,0,0,0,0,38,39,38,39,0,0,0,0,0,0,0,0,0,0,0,0,0,0,0,0,0,0,0,0,0,
0,0,0,0,0,0,0,0,0,0,0,0,0,0,0,0,0,0,0,0,0,6,7,6,7,0,0,0,0,0,0,0,0,0,0,0,0,0,0,0,0,0,0,0,0,0,
0,0,0,0,0,0,0,0,0,0,0,0,0,0,0,0,0,0,0,0,0,22,23,22,23,0,0,0,0,0,0,0,0,0,0,0,0,0,0,0,0,0,0,0,0,0,
0,0,0,0,0,0,0,0,0,0,0,0,0,55,49,49,49,49,49,49,55,38,39,38,39,55,49,49,49,49,49,49,55,0,0,0,0,0,0,0,0,0,0,0,0,0,
0,0,0,0,0,0,0,0,0,0,0,0,0,71,17,103,17,20,17,53,71,51,51,51,51,71,53,103,103,17,17,17,71,0,0,0,0,0,0,0,0,0,0,0,0,0,
0,0,0,0,0,0,0,0,0,0,0,0,0,87,33,119,33,36,34,35,87,51,51,51,51,87,33,119,119,34,34,35,87,0,0,0,0,0,0,0,0,0,0,0,0,0,
0,0,0,0,0,0,0,0,0,0,0,0,0,51,51,51,51,51,51,51,51,51,51,51,51,51,51,51,51,51,51,51,51,0,0,0,0,0,0,0,0,0,0,0,0,0,
0,0,0,0,0,0,0,0,0,0,0,0,0,51,51,51,51,51,51,51,51,51,51,51,51,51,51,51,51,51,51,51,51,0,0,0,0,0,0,0,0,0,0,0,0,0,
0,0,0,0,0,0,0,0,0,0,0,0,0,51,51,51,51,51,51,51,51,51,51,51,51,51,51,51,51,51,51,51,51,0,0,0,0,0,0,0,0,0,0,0,0,0,
0,0,0,0,0,0,0,0,0,0,0,0,0,51,51,51,51,51,51,51,51,97,98,99,100,51,51,51,51,51,51,51,51,0,0,0,0,0,0,0,0,0,0,0,0,0,
0,0,0,0,0,0,0,0,0,0,0,0,0,51,51,51,51,51,51,51,51,113,114,115,116,51,51,51,51,51,51,51,51,0,0,0,0,0,0,0,0,0,0,0,0,0,
0,0,0,0,0,0,0,0,0,0,0,0,0,51,51,51,51,51,51,51,51,129,130,131,132,51,51,51,51,51,51,51,51,0,0,0,0,0,0,0,0,0,0,0,0,0,
0,0,0,0,0,0,0,0,0,0,0,0,0,51,51,51,51,51,51,51,51,51,51,51,51,51,51,51,51,51,51,51,51,0,0,0,0,0,0,0,0,0,0,0,0,0,
0,0,0,0,0,0,0,0,0,0,0,0,0,51,51,51,51,51,51,51,51,51,51,51,51,51,51,51,51,51,51,51,51,0,0,0,0,0,0,0,0,0,0,0,0,0,
0,0,0,0,0,0,0,0,0,0,0,0,0,51,51,51,51,51,51,51,51,51,51,51,51,51,51,51,51,51,51,51,51,0,0,0,0,0,0,0,0,0,0,0,0,0,
0,0,0,0,0,0,0,0,0,0,0,0,0,51,51,51,51,51,51,51,51,51,51,51,51,51,51,51,51,51,51,51,51,0,0,0,0,0,0,0,0,0,0,0,0,0,
0,0,0,0,0,0,0,0,0,0,0,0,0,51,51,51,51,51,51,51,51,51,51,51,51,51,51,51,51,51,51,51,51,0,0,0,0,0,0,0,0,0,0,0,0,0,
0,0,0,0,0,0,0,0,0,0,0,0,0,51,51,51,51,51,51,51,51,51,51,51,51,51,51,51,51,51,51,51,51,0,0,0,0,0,0,0,0,0,0,0,0,0,
0,0,0,0,0,0,0,0,0,0,0,0,0,25,24,25,24,25,24,25,24,25,24,25,24,25,24,25,24,25,24,25,24,0,0,0,0,0,0,0,0,0,0,0,0,0,
0,0,0,0,0,0,0,0,0,0,0,0,0,0,0,0,0,0,0,0,0,0,0,0,0,0,0,0,0,0,0,0,0,0,0,0,0,0,0,0,0,0,0,0,0,0,
0,0,0,0,0,0,0,0,0,0,0,0,0,0,0,0,0,0,0,0,0,0,0,0,0,0,0,0,0,0,0,0,0,0,0,0,0,0,0,0,0,0,0,0,0,0

[ObjectLayer1]
# Entity
type=Player
location=22,20,1,1

[ObjectLayer1]
# Entity
type=Boss
location=22,36,1,1

[ObjectLayer1]
# Entity
type=Enemy
location=37,15,1,1

[ObjectLayer1]
# Entity
type=Enemy
location=8,15,1,1

